date,period_index,time_label,q_or_g0_kwh,g_final_kwh,x_kwh,emergency_kwh,charge_kwh,discharge_kwh,curtailment_kwh,soc_start_kwh,soc_end_kwh,actual_load_kwh,actual_pv_kwh,actual_price,price_forecast_used,last_update_time,balance_residual_kwh,normal_cost_yuan,adjustment_cost_yuan,emergency_cost_yuan
2025-03-04,0,00:10,8.570624186177156e-05,8.570624186177156e-05,8.570624186177156e-05,0.0,0.0,567.8494476270914,0.0,5358.480137962502,4759.914263772467,567.8495333333333,0.0,0.4476,0.47050000000000003,00:00,0.0,3.836211385732895e-05,0.0,0.0
2025-03-04,1,00:20,1108.3009542617042,1108.3009542617042,1108.3009542617042,0.0,534.6558709283709,0.0,0.0,4759.914263772467,5267.133358726864,573.6450833333333,0.0,0.4552,0.4029789067739603,00:00,0.0,504.49859437992774,0.0,0.0
2025-03-04,2,00:30,1402.3666666666666,1402.3666666666666,1402.3666666666666,5.8335250420609555,832.1535250420609,0.0,0.0,5267.133358726864,6056.583509348126,576.0466666666666,0.0,0.3939,0.38331480185480676,00:00,0.0,552.3922299999999,0.0,11.48912757033905
2025-03-04,3,00:40,1401.8922874999998,1401.8922874999998,1401.8922874999998,2.858361952603218,833.3333327859364,0.0,0.0,6056.583509348126,6847.1529238709145,571.4173166666667,0.0,0.4276,0.39570759557271973,00:00,0.0,599.4491421349999,0.0,6.11117785466568
2025-03-04,4,00:50,1407.6751041666666,1407.6751041666666,1407.6751041666666,2.809975233541877,833.3333294002085,0.0,0.0,6847.1529238709145,7637.722335181719,577.15175,0.0,0.443,0.43104034671590025,00:00,1.1368683772161603e-13,623.6000711458333,0.0,6.2240951422952575
2025-03-04,5,01:00,585.8016666666666,585.8016666666666,585.8016666666666,11.415000000000077,0.0,0.0,0.0,7637.722335181719,7637.722335181719,597.2166666666667,0.0,0.421,0.44929929828940146,00:00,0.0,246.62250166666664,0.0,24.028575000000163
2025-03-04,6,01:10,593.2773625,593.2773625,593.2773625,19.453587499999912,0.0,0.0,0.0,7637.722335181719,7637.722335181719,612.7309499999999,0.0,0.4571,0.44955824325498,00:00,0.0,271.18708239875,0.0,44.4611742312498
2025-03-04,7,01:20,591.985025,591.985025,591.985025,0.0,1.0195916666666562,0.0,0.0,7637.722335181719,7638.689604766718,590.9654333333333,0.0,0.4489,0.4492901809872423,00:00,0.0,265.74207772249997,0.0,0.0
2025-03-04,8,01:30,590.5474999999999,590.5474999999999,590.5474999999999,0.0,28.66249999999991,0.0,0.0,7638.689604766718,7665.8812397970905,561.885,0.0,0.4088,0.45148317802676335,00:00,0.0,241.41581799999994,0.0,0.0
2025-03-04,9,01:40,601.521475,601.521475,592.0563333333333,0.0,0.0,0.0,0.0,7665.8812397970905,7665.8812397970905,592.0563333333333,0.0,0.456,0.4616356554307702,00:00,0.0,274.2937926,0.0,0.0
2025-03-04,10,01:50,606.0664583333333,606.0664583333333,606.0664583333333,0.0,0.0,26.073741666666592,0.0,7665.8812397970905,7638.397102867257,632.1401999999999,0.0,0.4799,0.4476917557644109,00:00,0.0,290.85129335416667,0.0,0.0
2025-03-04,11,02:00,1437.31,1437.31,1437.31,32.32206985479161,832.6220698547916,0.0,0.0,7638.397102867257,8428.291754126745,637.01,0.0,0.4392,0.4130909085586418,00:00,0.0,631.2665519999999,0.0,70.97926540112236
2025-03-04,12,02:10,1447.3064458333333,1447.3064458333333,1439.2948666666666,0.0,833.3333333333333,0.0,0.0,8428.291754126745,9218.86116916884,605.9615333333334,0.0,0.4086,0.4038225327386366,00:00,0.0,591.3694137675001,0.0,0.0
2025-03-04,13,02:20,1457.8790416666666,1457.8790416666666,1412.2472666666665,0.0,833.3333333333333,0.0,0.0,9218.86116916884,10009.430584210935,578.9139333333333,0.0,0.4112,0.4104399324586996,00:00,0.0,599.4798619333333,0.0,0.0
2025-03-04,14,02:30,1461.6983333333333,1461.6983333333333,1406.8116666666665,0.0,833.3333333333333,0.0,0.0,10009.430584210935,10799.99999925303,573.4783333333332,0.0,0.426,0.42883006468058515,00:00,0.0,622.68349,0.0,0.0
2025-03-04,15,02:40,629.2815833333333,629.2815833333333,577.7637007873753,0.0,7.873753222919459e-07,0.0,0.0,10799.99999925303,10800.0,577.7637,0.0,0.4173,0.4587915271656343,00:00,4.794504086485358e-14,262.599204725,0.0,0.0
2025-03-04,16,02:50,627.8219125,627.8219125,589.5936999999999,0.0,0.0,0.0,0.0,10800.0,10800.0,589.5936999999999,0.0,0.4105,0.4687980934776481,00:00,0.0,257.72089508125003,0.0,0.0
2025-03-04,17,03:00,625.35625,625.35625,594.9733333333334,0.0,0.0,0.0,0.0,10800.0,10800.0,594.9733333333334,0.0,0.4243,0.4586404402092336,00:00,0.0,265.338656875,0.0,0.0
2025-03-04,18,03:10,625.6008625,625.6008625,583.4854,0.0,0.0,0.0,0.0,10800.0,10800.0,583.4854,0.0,0.4566,0.4548319532288697,00:00,0.0,285.64935381749996,0.0,0.0
2025-03-04,19,03:20,633.9326541666667,633.9326541666667,612.7148833333333,0.0,0.0,0.0,0.0,10800.0,10800.0,612.7148833333333,0.0,0.5098,0.44721966509647826,00:00,0.0,323.1788670941667,0.0,0.0
2025-03-04,20,03:30,644.8604166666667,644.8604166666667,644.8604166666667,5.429583333333312,0.0,0.0,0.0,10800.0,10800.0,650.29,0.0,0.5296,0.44280478075813007,00:00,0.0,341.5180766666666,0.0,14.37753666666661
2025-03-04,21,03:40,645.3713333333333,645.3713333333333,605.8207833333333,0.0,0.0,0.0,0.0,10800.0,10800.0,605.8207833333333,0.0,0.4545,0.46121534030557165,00:00,0.0,293.32127099999997,0.0,0.0
2025-03-04,22,03:50,637.5848166666666,637.5848166666666,580.4406166666666,0.0,0.0,0.0,0.0,10800.0,10800.0,580.4406166666666,0.0,0.421,0.46010379037374183,00:00,0.0,268.4232078166666,0.0,0.0
2025-03-04,23,04:00,631.2845833333333,631.2845833333333,613.425,0.0,0.0,0.0,0.0,10800.0,10800.0,613.425,0.0,0.4633,0.45192154283879843,00:00,0.0,292.47414745833333,0.0,0.0
2025-03-04,24,04:10,636.1069041666666,636.1069041666666,636.1069041666666,5.08719583333334,0.0,0.0,0.0,10800.0,10800.0,641.1940999999999,0.0,0.481,0.4815860076069853,00:00,0.0,305.9674209041666,0.0,12.23470597916668
2025-03-04,25,04:20,553.400324999999,553.400324999999,553.400324999999,0.0,0.0,80.85174166666752,0.0,10800.0,10714.774781180597,634.2522833333333,0.00021666666666666666,0.4473,0.4908943861579772,00:00,0.0,247.53596537249956,0.0,0.0
2025-03-04,26,04:30,654.9020833333333,654.9020833333333,614.7449999999999,0.0,0.0,0.0,0.0,10714.774781180597,10714.774781180597,614.7449999999999,0.0,0.4154,0.47338510019207536,00:00,0.0,272.04632541666666,0.0,0.0
2025-03-04,27,04:40,659.4661583333333,659.4661583333333,626.5194833333333,0.0,0.0,0.0,0.0,10714.774781180597,10714.774781180597,626.5194833333333,0.0,0.458,0.47645934065176043,00:00,0.0,302.0355005166667,0.0,0.0
2025-03-04,28,04:50,660.4792291666665,660.4792291666665,634.1342666666667,0.0,0.0,0.0,0.0,10714.774781180597,10714.774781180597,634.1373333333333,0.0030666666666666663,0.4874,0.4740954481986853,00:00,0.0,321.91757629583327,0.0,0.0
2025-03-04,29,05:00,657.24375,657.24375,616.2733333333333,0.0,0.0,0.0,0.0,10714.774781180597,10714.774781180597,616.2733333333333,0.0,0.466,0.4592560374186488,00:00,0.0,306.27558750000003,0.0,0.0
2025-03-04,30,05:10,650.9568124999998,650.9568124999998,590.7391833333334,0.0,0.0,0.0,0.0,10714.774781180597,10714.774781180597,590.7391833333334,0.0,0.4456,0.4572808168189642,00:00,0.0,290.06635564999993,0.0,0.0
2025-03-04,31,05:20,0.0,0.0,0.0,0.0,0.0,592.1084,0.0,10714.774781180597,10090.63772594125,592.1512166666666,0.04281666666666667,0.4658,0.4841770218122124,00:00,0.0,0.0,0.0,0.0
2025-03-04,32,05:30,660.9758333333334,660.9758333333334,609.7349999999999,0.0,0.0,0.0,0.0,10090.63772594125,10090.63772594125,609.7349999999999,0.0,0.4646,0.4744036006851502,00:00,0.0,307.0893721666667,0.0,0.0
2025-03-04,33,05:40,1479.8072708333334,1479.8072708333334,1360.473857407409,0.0,747.7334907407422,0.0,0.0,10090.63772594125,10800.0,612.7403666666667,0.0,0.3895,0.3959891076055961,00:00,1.1368683772161603e-13,576.3849319895834,0.0,0.0
2025-03-04,34,05:50,723.3581833333333,723.3581833333333,681.0219999999999,0.0,0.0,0.0,0.0,10800.0,10800.0,681.61825,0.59625,0.5937,0.629998385678522,00:00,0.0,429.457753445,0.0,0.0
2025-03-04,35,06:00,19.95875000000001,19.95875000000001,19.95875000000001,0.0,0.0,774.3462499999999,0.0,10800.0,9983.767384129947,794.305,0.0,0.9605,1.0223939067547536,00:00,0.0,19.17037937500001,0.0,0.0
2025-03-04,36,06:10,11.573694444444413,11.663966666666624,11.663966666666624,0.0,0.0,822.2941000000001,0.0,9983.767384129947,9116.99329662386,833.9580666666667,0.0,0.9945,1.015638923188352,06:00,0.0,11.599814849999959,0.04488786249999421,0.0
2025-03-04,37,06:20,355.7157095483971,355.7157095483971,355.7157095483971,0.0,0.0,461.23577378493616,0.0,9116.99329662386,8630.808102120332,826.8906,9.939116666666667,0.9623,0.9587994558800076,06:00,0.0,342.30522729842255,0.0,0.0
2025-03-04,38,06:30,0.0,0.0,0.0,0.0,0.0,766.3154166666667,0.0,8630.808102120332,7823.040727864458,810.4466666666667,44.13125,0.9971,1.0113871894585258,06:00,0.0,0.0,0.0,0.0
2025-03-04,39,06:40,0.0,0.0,0.0,0.0,0.0,707.9087666666667,0.0,7823.040727864458,7076.839368442008,794.4879333333333,86.57916666666667,0.9552,0.9829686361344414,06:00,0.0,0.0,0.0,0.0
2025-03-04,40,06:50,708.8829638888888,708.8829638888888,648.5665333333334,0.0,0.0,0.0,0.0,7076.839368442008,7076.839368442008,783.88755,135.32101666666665,0.902,0.9410065512671155,06:00,0.0,639.4124334277777,0.0,0.0
2025-03-04,41,07:00,669.3565,669.8981333333334,599.29125,0.0,0.0,0.0,0.0,7076.839368442008,7076.839368442008,786.135,186.84375,0.8747,0.9286146164108033,06:00,0.0,585.9598972266667,0.236883338333314,0.0
2025-03-04,42,07:10,643.6581125,643.6581125,572.2256166666666,0.0,0.0,0.0,0.0,7076.839368442008,7076.839368442008,806.5773999999999,234.35178333333332,0.8428,0.9069216929931955,06:00,0.0,542.475057215,0.0,0.0
2025-03-04,43,07:20,621.0623666666665,621.0623666666665,551.2395833333333,0.0,0.0,0.0,0.0,7076.839368442008,7076.839368442008,827.3211833333332,276.0816,0.8378,0.8834170424430762,06:00,0.0,520.3260507933333,0.0,0.0
2025-03-04,44,07:30,570.7781916666667,570.7781916666667,570.7781916666667,0.0,73.68527499999993,0.0,0.0,7076.839368442008,7146.743358146767,816.2366666666667,319.14374999999995,0.815,0.8397436065955304,06:00,0.0,465.1842262083333,0.0,0.0
2025-03-04,45,07:40,1335.728420833333,1324.560020833333,1150.8393793209884,0.0,741.6935293209883,0.0,0.0,7146.743358146767,7850.375621685727,779.5808833333333,370.4350333333333,0.7394,0.7797112607571287,06:00,0.0,979.3796794041664,4.128957480000054,0.0
2025-03-04,46,07:50,0.0,0.0,0.0,0.0,0.0,490.75821666666656,0.0,7850.375621685727,7333.071039982703,898.1287333333332,407.3705166666667,0.9592,0.9545007777643557,06:00,0.0,0.0,0.0,0.0
2025-03-04,47,08:00,0.0,0.0,0.0,0.0,0.0,673.0412499999999,0.0,7333.071039982703,6623.623270233769,1110.2849999999999,437.24375,1.3359,1.2555015962887839,06:00,0.0,0.0,0.0,0.0
2025-03-04,48,08:10,0.0,0.0,0.0,0.0,0.0,665.9974333333332,0.0,6623.623270233769,5921.600335180609,1154.2945666666665,488.2971333333333,1.3441,1.292556240274713,06:00,0.0,0.0,0.0,0.0
2025-03-04,49,08:20,0.0,0.0,0.0,0.0,0.0,583.5806833333332,0.0,5921.600335180609,5306.45228257701,1109.1572833333332,525.5766,1.2346,1.2303822598730525,06:00,0.0,0.0,0.0,0.0
2025-03-04,50,08:30,0.0,0.0,0.0,0.0,0.0,523.5041666666667,0.0,5306.45228257701,4754.630438825322,1074.5916666666667,551.0875,1.1917,1.2090414985843263,06:00,0.0,0.0,0.0,0.0
2025-03-04,51,08:40,0.0,0.0,0.0,0.0,0.0,468.09985000000006,0.0,4754.630438825322,4261.209872697599,1074.1208333333334,606.0209833333333,1.1513,1.1884863129659968,06:00,0.0,0.0,0.0,0.0
2025-03-04,52,08:50,0.0,0.0,0.0,0.0,0.0,420.7964833333333,0.0,4261.209872697599,3817.6514331234607,1096.4566166666666,675.6601333333333,1.1237,1.1266176546492301,06:00,0.0,0.0,0.0,0.0
2025-03-04,53,09:00,0.0,0.0,0.0,0.0,0.0,380.0270833333334,0.0,3817.6514331234607,3417.0677144954784,1111.3083333333334,731.28125,1.1153,1.0672891349581823,06:00,0.0,0.0,0.0,0.0
2025-03-04,54,09:10,0.0,0.0,0.0,0.0,0.0,332.96456666666677,0.0,3417.0677144954784,3066.0922442295964,1094.5325166666667,761.5679499999999,1.1108,1.0897065977011888,06:00,0.0,0.0,0.0,0.0
2025-03-04,55,09:20,0.0,0.0,0.0,0.0,0.0,269.5028,0.0,3066.0922442295964,2782.0113496319873,1088.4077833333333,818.9049833333333,1.1049,1.0917874743983094,06:00,0.0,0.0,0.0,0.0
2025-03-04,56,09:30,0.0,0.0,0.0,0.0,0.0,211.55166666666662,0.0,2782.0113496319873,2559.0163131415247,1098.7516666666666,887.1999999999999,1.0963,1.0345594711019266,06:00,0.0,0.0,0.0,0.0
2025-03-04,57,09:40,0.0,0.0,0.0,0.0,0.0,193.67698333333328,0.0,2559.0163131415247,2354.8628472469236,1093.8248666666666,900.1478833333333,1.0861,0.9755236887737483,06:00,0.0,0.0,0.0,0.0
2025-03-04,58,09:50,0.0,3.3928594444483906,3.3928594444483906,0.0,0.0,173.1488905555516,0.0,2354.8628472469236,2172.34789108467,1101.9325666666666,925.3908166666666,1.0821,0.9337922118897686,06:00,0.0,3.6714132048376036,1.8357066024188016,0.0
2025-03-04,59,10:00,0.0,178.58771666666667,108.98250000000007,0.0,0.0,0.0,0.0,2172.34789108467,2172.34789108467,1110.57,1001.5874999999999,1.0568,0.9157680088324361,06:00,0.0,188.73149897333332,94.36574948666663,0.0
2025-03-04,60,10:10,0.0,147.22585555555543,0.0,0.0,0.0,0.0,9.723183333333509,2172.34789108467,2172.34789108467,1079.4299999999998,1089.1531833333333,0.9789,0.9186657066192806,06:00,0.0,144.1193900033332,72.0596950016666,0.0
2025-03-04,61,10:20,0.0,123.4109819444443,0.0,0.0,0.0,0.0,17.604733333333343,2172.34789108467,2172.34789108467,1077.8431666666665,1095.4479,0.9452,0.9345464066018364,06:00,0.0,116.64806013388876,58.32403006694439,0.0
2025-03-04,62,10:30,0.0,0.0,0.0,0.0,0.0,35.315000000000055,0.0,2172.34789108467,2135.1226125617213,1094.54,1059.225,0.9639,0.9503377336940936,06:00,0.0,0.0,0.0,0.0
2025-03-04,63,10:40,0.0,70.48999305555549,0.0,0.0,0.0,0.0,54.46665000000007,2135.1226125617213,2135.1226125617213,1050.2022499999998,1104.6689,0.9304,0.9288133178844135,06:00,0.0,65.58388953888883,32.79194476944441,0.0
2025-03-04,64,10:50,0.0,40.75957777777785,40.75957777777785,0.0,144.45101111111126,0.0,0.0,2135.1226125617213,2272.160874189342,1024.0857833333332,1127.7772166666666,0.7802,0.7800270930505762,06:00,0.0,31.800622582222278,15.90031129111114,0.0
2025-03-04,65,11:00,803.868483333333,853.547783333333,0.0,0.0,0.0,0.0,49.83541666666679,2272.160874189342,2272.160874189342,1051.0083333333332,1100.84375,0.6229,0.5846042143911381,06:00,0.0,531.6749142383331,15.472617985000056,0.0
2025-03-04,66,11:10,786.0214791666667,840.1240958333335,519.2243231481463,0.0,536.5098731481463,0.0,0.0,2272.160874189342,2781.138830084188,1081.7964666666667,1099.0820166666667,0.6399,0.5320822166285974,06:00,-1.1368683772161603e-13,537.5954089237501,17.310132202500085,0.0
2025-03-04,67,11:20,757.267533333333,815.7934666666665,815.7934666666665,19.29790000000048,833.3333333333335,0.0,0.0,2781.138830084188,3571.708245126283,1075.2961833333334,1073.5381499999999,0.6599,0.5222793321642569,06:00,0.0,538.3421086533333,19.310631703333456,63.67342105000159
2025-03-04,68,11:30,732.5923666666665,795.5416166666666,795.5416166666666,66.25505000000021,833.3333333333335,0.0,0.0,3571.708245126283,4362.277660168378,1058.8633333333332,1030.3999999999999,0.6281,0.5049986066047054,06:00,0.0,499.6796894283333,19.76921196249998,208.07398452500064
2025-03-04,69,11:40,728.2887791666665,795.6613458333331,795.6613458333331,78.09658750000017,833.3333333333335,0.0,0.0,4362.277660168378,5152.847075210473,1085.7941166666665,1045.3695166666666,0.6432,0.5271579408391419,06:00,0.0,511.76937763999985,21.667017440000052,251.15862540000055
2025-03-04,70,11:50,685.1127708333333,756.9086541666666,756.9086541666666,14.95791250000002,833.3333333333333,0.0,0.0,5152.847075210473,5943.416490252568,1057.6606,1119.1273666666666,0.6019,0.5311691149692526,06:00,0.0,455.5833189429166,21.60697108916662,45.01583766875006
2025-03-04,71,12:00,614.9175,691.1367,647.3620833333337,0.0,833.3333333333335,0.0,0.0,5943.416490252568,6733.985905294663,991.76,1177.7312499999998,0.531,0.5091686306048261,06:00,0.0,366.99358770000003,20.236197600000025,0.0
2025-03-04,72,12:10,614.7339430555551,698.9295902777776,697.5541500000002,0.0,833.3333333333335,0.0,0.0,6733.985905294663,7524.555320336758,1006.6565333333333,1142.4357166666666,0.573,0.5132057421831341,12:00,0.0,400.48665522916656,24.122052929166728,0.0
2025-03-04,73,12:20,624.3883444444443,704.2658888888889,704.2658888888889,13.684061111111419,833.3333333333335,0.0,0.0,7524.555320336758,8315.124735378853,1013.5636333333333,1128.9470166666665,0.6066,0.520801385655483,12:00,-1.1368683772161603e-13,427.2076882,24.22685923000006,41.50375735000094
2025-03-04,74,12:30,615.8969500000001,691.4563916666666,652.4745833333335,0.0,833.3333333333335,0.0,0.0,8315.124735378853,9105.694150420948,985.91,1166.76875,0.5591,0.4938715791619651,12:00,-1.1368683772161603e-13,386.59326858083335,21.12264191791661,0.0
2025-03-04,75,12:40,606.3698722222222,677.6112111111112,650.8695333333335,0.0,833.3333333333335,0.0,0.0,9105.694150420948,9896.263565463043,991.779,1174.2428,0.5098,0.4582601837825075,12:00,0.0,345.4461954244445,18.159417282777838,0.0
2025-03-04,76,12:50,8.222551427701319,546.8888895293427,523.7300673071198,0.0,674.3182173071197,0.0,0.0,9896.263565463043,10535.977995793504,1015.6356000000001,1166.2237499999999,0.6657,0.6597624410625252,12:00,-1.1368683772161603e-13,364.0639337596834,179.2950906371313,0.0
2025-03-04,77,13:00,0.0,0.0,0.0,0.0,78.3134666666658,0.0,56.05070000000093,10535.977995793504,10610.272673632606,1037.0733333333333,1171.4375,0.9046,0.9678772146105467,12:00,1.4210854715202004e-14,0.0,0.0,0.0
2025-03-04,78,13:10,0.0,0.0,0.0,0.0,53.35817777777774,0.0,86.13758888888916,10610.272673632606,10660.892685704794,1052.383733333333,1191.8795,0.8886,0.9803197710055574,12:00,-8.526512829121202e-14,0.0,0.0,0.0
2025-03-04,79,13:20,0.0,0.0,0.0,0.0,53.34191388888846,0.0,63.2142194444448,10660.892685704794,10711.49726849723,1055.686,1172.2421333333332,0.8477,0.9244868831890352,12:00,2.1316282072803006e-14,0.0,0.0,0.0
2025-03-04,80,13:30,0.0,0.0,0.0,0.0,45.598058333333235,0.0,11.27944166666682,10711.49726849723,10754.755384861597,1046.185,1103.0625,0.8999,0.9407785655407582,12:00,2.1316282072803006e-14,0.0,0.0,0.0
2025-03-04,81,13:40,0.0,0.0,0.0,0.0,2.8013833333334333,0.0,0.0,10754.755384861597,10757.413010441367,1031.2968166666665,1034.0982,0.9323,0.941766432103912,12:00,0.0,0.0,0.0,0.0
2025-03-04,82,13:50,0.0,0.0,0.0,0.0,0.0,18.103966666666793,0.0,10757.413010441367,10738.329753991222,1027.1793666666667,1009.0754,0.9367,0.9301905373313978,12:00,0.0,0.0,0.0,0.0
2025-03-04,83,14:00,0.0,0.0,0.0,0.0,0.0,26.24583333333328,0.0,10738.329753991222,10710.664216517054,1033.2833333333333,1007.0375,0.9508,0.9263155529745398,12:00,0.0,0.0,0.0,0.0
2025-03-04,84,14:10,0.0,0.0,0.0,4.6380363016851334e-07,0.0,66.42703286952975,0.0,10710.664216517054,10640.643975825526,1034.46315,968.0361166666667,1.0081,0.9382793221996496,12:00,0.0,0.0,0.0,2.3378021978643913e-06
2025-03-04,85,14:20,0.0,0.0,0.0,0.0,0.0,108.02133333333336,0.0,10640.643975825526,10526.779492751659,1032.3207166666666,924.2993833333333,1.0611,0.9599476233566681,12:00,0.0,0.0,0.0,0.0
2025-03-04,86,14:30,0.0,0.0,0.0,0.0,0.0,140.51874999999995,0.0,10526.779492751659,10378.659724765064,1028.6999999999998,888.1812499999999,1.0822,0.9939784940178545,12:00,0.0,0.0,0.0,0.0
2025-03-04,87,14:40,0.0,0.0,0.0,0.0,0.0,182.9453666666667,0.0,10378.659724765064,10185.818376084626,1025.5082166666666,842.5628499999999,1.0663,1.0277865230791428,12:00,0.0,0.0,0.0,0.0
2025-03-04,88,14:50,0.0,0.0,0.0,4.259282491148042e-07,0.0,215.82341624073837,0.0,10185.818376084626,9958.32052017819,1040.0471166666666,824.2237,0.9457,0.94690442692746,12:00,0.0,0.0,0.0,2.014001725939352e-06
2025-03-04,89,15:00,167.93644999999992,167.93645084741777,167.93645084741777,68.20396581924885,0.0,0.0,0.0,9958.32052017819,9958.32052017819,1060.1716666666666,824.03125,0.7737,0.8118214239675796,12:00,0.0,129.93243202064713,3.2782358516669774e-07,263.84704177176417
2025-03-04,90,15:10,498.2109844135801,498.2109844135801,498.2109844135801,257.7211459406372,491.4008303542172,0.0,0.0,9958.32052017819,10424.50428058339,1051.25025,786.71895,0.7033,0.8093750724011506,12:00,1.1368683772161603e-13,350.3917853380709,0.0,906.2764097002507
2025-03-04,91,15:20,304.71019027777766,304.71019027777766,304.71019027777766,5.535843055555688,0.0,0.0,0.0,10424.50428058339,10424.50428058339,1022.9103666666666,712.6643333333333,0.7345,0.8301538087722433,12:00,0.0,223.8096347590277,0.0,20.330383621528267
2025-03-04,92,15:30,371.64995,371.64995,371.64995,21.885775000000194,11.302808333333587,0.0,0.0,10424.50428058339,10435.227066070289,1015.3516666666666,633.11875,0.8028,0.8204868802990005,12:00,1.1368683772161603e-13,298.36057986,0.0,87.84950085000077
2025-03-04,93,15:40,461.4521055555556,461.4521055555556,461.4521055555556,39.84219444444369,23.644533333332845,0.0,0.0,10435.227066070289,10457.65823993382,1056.7896166666665,579.13985,0.8392,0.8356891498253906,12:00,5.684341886080802e-14,387.2506069822222,0.0,167.1778478888857
2025-03-04,94,15:50,543.3730652777778,543.3730652777778,543.3730652777778,30.913826388889547,35.98625833333402,0.0,0.0,10457.65823993382,10491.797802173985,1056.2011166666666,517.9004833333333,0.8564,0.8488885935530412,12:00,1.4210854715202004e-14,465.3446931038889,0.0,132.37300459722505
2025-03-04,95,16:00,609.7621999999999,609.7621999999999,609.7621999999999,2.4037000000001143,48.32798333333328,0.0,0.0,10491.797802173985,10537.645752790782,1012.2566666666667,448.41874999999993,0.8756,0.8668561655754471,12:00,-1.5631940186722204e-13,533.9077823199999,0.0,10.523398600000501
2025-03-04,96,16:10,648.3625944444443,648.3625944444443,648.3625944444443,3.620255555555687,44.59903333333331,0.0,0.0,10537.645752790782,10579.956110823314,1011.7314833333332,404.3476666666666,0.903,0.9220143657687242,12:00,9.947598300641403e-14,585.4714227833332,0.0,16.345453833333927
2025-03-04,97,16:20,695.7043847222222,695.7043847222222,691.1639333333333,0.0,40.87008333333333,0.0,0.0,10579.956110823314,10618.72887627158,1016.9567499999999,366.66290000000004,0.9321,0.9362354679374668,12:00,2.1316282072803006e-14,648.4660569995834,0.0,0.0
2025-03-04,98,16:30,742.6144000000002,742.6144000000002,720.24405,0.0,37.14113333333336,0.0,0.0,10618.72887627158,10653.96404913558,1003.1466666666666,320.04375,0.9496,0.926627471439971,12:00,5.684341886080802e-14,705.1866342400001,0.0,0.0
2025-03-04,99,16:40,780.0574402777777,780.0574402777777,754.6335666666666,0.0,33.41218333333338,0.0,0.0,10653.96404913558,10685.661629415315,989.0988833333333,267.8775,0.9546,0.9854802518521993,12:00,-2.1316282072803006e-14,744.6428324891666,0.0,0.0
2025-03-04,100,16:50,821.7881222222222,821.7881222222222,797.6736333333333,0.0,29.683233333333405,0.0,0.0,10685.661629415315,10713.821617110785,986.4627333333333,218.47233333333332,1.0076,1.0223846592314747,12:00,1.4210854715202004e-14,828.0337119511112,0.0,0.0
2025-03-04,101,17:00,867.2332666666665,867.2332666666665,850.8630333333335,0.0,25.954283333333432,0.0,0.0,10713.821617110785,10738.44401222199,999.04,174.13124999999997,1.0666,1.0205122111668765,12:00,4.618527782440651e-14,924.9910022266665,0.0,0.0
2025-03-04,102,17:10,883.98975,883.98975,883.98975,27.297985848570264,21.628569181903643,0.0,0.0,10738.44401222199,10758.962674565591,1020.2311666666666,130.572,1.0312,1.053457680365173,12:00,1.5631940186722204e-13,911.5702301999999,0.0,140.74841503522828
2025-03-04,103,17:20,901.4379916666666,901.4379916666666,901.4379916666666,55.99239704010199,17.30285537343525,0.0,0.0,10758.962674565591,10775.377604466954,1025.6858,85.55826666666667,1.0321,1.084346537977563,12:00,0.0,930.3741511991666,0.0,288.9487649254463
2025-03-04,104,17:30,938.8912166666668,938.8912166666668,938.8912166666668,55.01425804978088,12.977141383114354,0.0,0.0,10775.377604466954,10787.688801753555,1023.1533333333333,42.224999999999994,1.0702,1.1013243934438262,12:00,1.7763568394002505e-14,1004.8013800766668,0.0,294.38129482437745
2025-03-04,105,17:40,982.1574250000001,982.1574250000001,982.1574250000001,27.83262499999978,0.0,0.0,0.0,10787.688801753555,10787.688801753555,1019.1614999999999,9.17145,1.035,1.138002478256806,12:00,0.0,1016.532934875,0.0,144.03383437499886
2025-03-04,106,17:50,887.9668583333332,887.9668583333332,887.9668583333332,0.0,7.61254166666663,0.0,0.0,10787.688801753555,10794.910692888436,880.3543166666666,0.0,1.1128,1.2036438512426826,12:00,0.0,988.1295199533332,0.0,0.0
2025-03-04,107,18:00,724.0366666666666,724.0366666666666,691.5512673948786,0.0,5.364600728211914,0.0,0.0,10794.910692888436,10800.0,686.1866666666666,0.0,1.2628,1.2671499005641125,12:00,2.5757174171303632e-14,914.3135026666665,0.0,0.0
2025-03-04,108,18:10,0.0,0.0,0.0,0.0,0.0,671.3305166666667,0.0,10800.0,10092.355501518568,671.8767166666667,0.5462,1.2459,1.2805637102675584,18:00,0.0,0.0,0.0,0.0
2025-03-04,109,18:20,713.2949458333333,713.2949458333333,713.2949455928177,0.0,4.499645592817708,0.0,0.0,10092.355501518568,10096.624240139621,708.7953,0.0,1.2341,1.2826706195655007,18:00,2.042810365310288e-14,880.2772926529166,0.0,0.0
2025-03-04,110,18:30,200.6021053817342,200.6021053817342,200.6021053817342,0.0,0.0,506.64622795159903,0.0,10096.624240139621,9562.572224052981,707.2483333333332,0.0,1.285,1.2858080056885082,18:00,0.0,257.7737054155284,0.0,0.0
2025-03-04,111,18:40,720.1867083333334,720.1867083333334,720.1867080928749,0.0,16.347558092874987,0.0,0.0,9562.572224052981,9578.080879379602,703.8783666666666,0.039216666666666664,1.2789,1.2680589439359335,18:00,4.618527782440651e-14,921.0467812875,0.0,0.0
2025-03-04,112,18:50,722.2041,722.2041,722.2040997594953,0.0,12.459483092828732,0.0,0.0,9578.080879379602,9589.900982892112,709.7446166666666,0.0,1.2636,1.2670356399375224,18:00,-4.085620730620576e-14,912.5771007600001,0.0,0.0
2025-03-04,113,19:00,0.0,0.0,0.0,0.0,0.0,718.2133333333333,0.0,9589.900982892112,8832.837656480424,718.2133333333333,0.0,1.2738,1.2806562343822145,18:00,0.0,0.0,0.0,0.0
2025-03-04,114,19:10,0.0,0.0,0.0,0.0,0.0,716.6032666666665,0.0,8832.837656480424,8077.47148935253,716.6060833333332,0.002816666666666666,1.2842,1.2700173474260985,18:00,0.0,0.0,0.0,0.0
2025-03-04,115,19:20,0.0,0.0,0.0,0.0,0.0,707.9141166666666,0.0,8077.47148935253,7331.264490534919,707.9141166666666,0.0,1.2629,1.2692799854406007,18:00,0.0,0.0,0.0,0.0
2025-03-04,116,19:30,0.0,0.0,0.0,0.0,0.0,710.3016666666667,0.0,7331.264490534919,6582.540793041463,710.3016666666667,0.0,1.2356,1.2799716552722202,18:00,0.0,0.0,0.0,0.0
2025-03-04,117,19:40,0.0,0.0,0.0,0.0,0.0,736.4726,0.0,6582.540793041463,5806.230509606089,736.4728,0.00019999999999999998,1.2565,1.2666966478685995,18:00,0.0,0.0,0.0,0.0
2025-03-04,118,19:50,0.0,0.0,0.0,0.0,0.0,735.6678166666667,0.0,5806.230509606089,5030.768542289474,735.6678166666667,0.0,1.2606,1.2515913214693344,18:00,0.0,0.0,0.0,0.0
2025-03-04,119,20:00,0.0,0.0,0.0,0.0,0.0,708.6316666666667,0.0,5030.768542289474,4283.805179360179,708.6316666666667,0.0,1.2461,1.2575587467485574,18:00,0.0,0.0,0.0,0.0
2025-03-04,120,20:10,0.0,0.0,0.0,0.0,0.0,708.3245333333332,0.0,4283.805179360179,3537.1655633904484,708.3245333333332,0.0,1.2725,1.2806783411283276,18:00,0.0,0.0,0.0,0.0
2025-03-04,121,20:20,0.0,0.0,0.0,0.0,0.0,726.5983666666666,0.0,3537.1655633904484,2771.2636357821707,726.5983666666666,0.0,1.2737,1.2711096308690892,18:00,0.0,0.0,0.0,0.0
2025-03-04,122,20:30,0.0,0.0,0.0,0.0,0.0,739.3566666666667,0.0,2771.2636357821707,1991.9132791499842,739.3566666666667,0.0,1.2592,1.2560545540433259,18:00,0.0,0.0,0.0,0.0
2025-03-04,123,20:40,0.0,0.0,0.0,0.0,0.0,732.9489166666667,0.0,1991.9132791499842,1219.317284076779,732.9489166666667,0.0,1.2863,1.284416941029975,18:00,0.0,0.0,0.0,0.0
2025-03-04,124,20:50,723.078725,723.078725,723.078725,0.0,0.0,10.660908333333282,0.0,1219.317284076779,1208.0796999902448,733.7396333333332,0.0,1.1846,1.1504355346027986,18:00,0.0,856.559057635,0.0,0.0
2025-03-04,125,21:00,722.7275,722.7275,722.7275,13.84575689932933,0.0,7.665076434004105,0.0,1208.0796999902448,1200.0,744.2383333333333,0.0,0.9869,0.9379230627110682,18:00,0.0,713.2597697499999,0.0,68.32188741974058
2025-03-04,126,21:10,723.8789041666666,723.8789041666666,723.8789041666666,17.490495833333398,0.0,0.0,0.0,1200.0,1200.0,741.3694,0.0,0.9162,0.9502704109725829,18:00,0.0,663.2178519975,0.0,80.12396141250031
2025-03-04,127,21:20,721.5617374999999,721.5617374999999,721.5617374999999,13.459745833333272,0.0,0.0,0.0,1200.0,1200.0,735.0214833333332,0.0,0.9153,0.9656582689838106,18:00,0.0,660.4454583337499,0.0,61.59852680624972
2025-03-04,128,21:30,726.9975,726.9975,726.9975,13.80916666666667,0.0,0.0,0.0,1200.0,1200.0,740.8066666666666,0.0,0.9542,0.9343391995902447,18:00,0.0,693.7010144999999,0.0,65.88353416666668
2025-03-04,129,21:40,740.9125541666667,740.9125541666667,740.9125541666667,8.54946249999989,0.0,0.0,0.0,1200.0,1200.0,749.4620166666666,0.0,1.0201,0.9887344916923956,18:00,0.0,755.8048965054168,0.0,43.60653348124944
2025-03-04,130,21:50,657.7859083333333,657.7859083333333,657.7859083333333,12.618091666666714,0.0,0.0,0.0,1200.0,1200.0,670.404,0.0,0.7905,0.7845640306954592,18:00,0.0,519.9797605374999,0.0,49.873007312500185
2025-03-04,131,22:00,535.5420833333334,535.5420833333334,535.5420833333334,7.837916666666615,0.0,0.0,0.0,1200.0,1200.0,543.38,0.0,0.3995,0.43189994640973767,18:00,0.0,213.9490622916667,0.0,15.656238541666564
2025-03-04,132,22:10,547.1132041666667,547.1132041666667,547.1132039262117,0.0,33.716003926211705,0.0,0.0,1200.0,1231.9858098018026,513.3972,0.0,0.3381,0.41970175124793124,18:00,-3.552713678800501e-14,184.97897432875,0.0,0.0
2025-03-04,133,22:20,570.7268541666667,570.7268541666667,570.726853926169,0.0,26.34113725950233,0.0,0.0,1231.9858098018026,1256.9752067715485,544.3857166666667,0.0,0.3964,0.45758761996881886,18:00,4.618527782440651e-14,226.23612499166668,0.0,0.0
2025-03-04,134,22:30,1380.78875,1380.78875,1380.7887497595234,0.0,818.3287497595232,0.0,0.0,1256.9752067715485,2033.3100239829666,562.46,0.0,0.4041,0.40475868301761775,18:00,1.1368683772161603e-13,557.976733875,0.0,0.0
2025-03-04,135,22:40,1373.6866166666666,1373.6866166666666,1363.7749330928311,0.0,833.3333330928311,0.0,0.0,2033.3100239829666,2823.879438796901,530.4416,0.0,0.4029,0.41875945764578576,18:00,0.0,553.458337855,0.0,0.0
2025-03-04,136,22:50,546.2874166666666,546.2874166666666,546.2874164261718,0.0,27.90999975950514,0.0,0.0,2823.879438796901,2850.3571894173374,518.3774166666667,0.0,0.3998,0.45239745481894955,18:00,-1.4210854715202004e-14,218.40570918333327,0.0,0.0
2025-03-04,137,23:00,551.54,551.54,551.54,0.0,0.566666666666606,0.0,0.0,2850.3571894173374,2850.894776619566,550.9733333333334,0.0,0.4214,0.4491875947017901,18:00,0.0,232.41895599999998,0.0,0.0
2025-03-04,138,23:10,1386.4865291666665,1386.4865291666665,1386.4865291666665,0.0,802.3648124999999,0.0,0.0,2850.894776619566,3612.0848731817478,584.1217166666667,0.0,0.4886,0.41251290529352125,18:00,0.0,677.4373181508332,0.0,0.0
2025-03-04,139,23:20,1393.9372208333332,1393.9372208333332,1393.9372208333332,0.0,805.4739374999999,0.0,0.0,3612.0848731817478,4376.224544702981,588.4632833333333,0.0,0.4853,0.399717214012188,18:00,0.0,676.4777332704166,0.0,0.0
2025-03-04,140,23:30,1404.6179166666666,1404.6179166666666,1404.6179164261412,0.0,824.2429164261413,0.0,0.0,4376.224544702981,5158.170033052907,580.375,0.0,0.4125,0.4153647616261038,18:00,-1.1368683772161603e-13,579.4048906249999,0.0,0.0
2025-03-04,141,23:40,1403.4352,1403.4352,1403.4351997594795,0.0,806.9795497594795,0.0,0.0,5158.170033052907,5923.738053778048,596.45565,0.0,0.3918,0.41078848259574974,18:00,0.0,549.8659113599999,0.0,0.0
2025-03-04,142,23:50,1386.7433291666666,1386.7433291666666,1386.743328926159,0.0,794.7036122594924,0.0,0.0,5923.738053778048,6677.66009762904,592.0397166666667,0.0,0.4194,0.3893916099623226,18:00,-1.1368683772161603e-13,581.6001522524999,0.0,0.0
2025-03-04,143,0:00+1,1375.4975,1375.4975,1375.4974997595004,0.0,808.3274997595004,0.0,0.0,6677.66009762904,7444.506896005809,567.17,0.0,0.4378,0.37592441954199707,18:00,1.1368683772161603e-13,602.1928055,0.0,0.0
