date,period_index,time_label,q_or_g0_kwh,g_final_kwh,x_kwh,emergency_kwh,charge_kwh,discharge_kwh,curtailment_kwh,soc_start_kwh,soc_end_kwh,actual_load_kwh,actual_pv_kwh,actual_price,price_forecast_used,last_update_time,balance_residual_kwh,normal_cost_yuan,adjustment_cost_yuan,emergency_cost_yuan
2025-08-18,0,00:10,766.1266041666667,766.1266041666667,766.1266041666667,30.180345833333263,0.0,0.0,0.0,2357.025688320022,2357.025688320022,796.3069499999999,0.0,0.5275,0.5275,00:00,0.0,404.13178369791666,0.0,79.60066213541647
2025-08-18,1,00:20,1143.3132448059955,1143.3132448059955,1143.3132448059955,2.005386405964714,386.0487812119603,0.0,0.0,2357.025688320022,2723.2637192885654,759.2698499999999,0.0,0.5048,0.5048,00:00,-1.1368683772161603e-13,577.1445259780666,0.0,5.061595288654938
2025-08-18,2,00:30,745.6941666666665,745.6941666666665,700.6200010940354,0.0,1.09403535740102e-06,0.0,0.0,2723.2637192885654,2723.2637203264585,700.62,0.0,0.5395,0.5395,00:00,2.577463109683007e-14,402.3020029166666,0.0,0.0
2025-08-18,3,00:40,743.1726333333334,743.1726333333334,675.49675,0.0,0.0,0.0,0.0,2723.2637203264585,2723.2637203264585,675.49675,0.0,0.5127,0.5127,00:00,0.0,381.02460911000003,0.0,0.0
2025-08-18,4,00:50,741.8815291666666,741.8815291666666,707.2748833333333,0.0,0.0,0.0,0.0,2723.2637203264585,2723.2637203264585,707.2748833333333,0.0,0.5326,0.5326,00:00,0.0,395.1261024341666,0.0,0.0
2025-08-18,5,01:00,0.0,0.0,0.0,0.0,0.0,736.3933333333332,0.0,2723.2637203264585,1947.0369912941496,736.3933333333332,0.0,0.5812,0.5812,00:00,0.0,0.0,0.0,0.0
2025-08-18,6,01:10,765.8705291666665,765.8705291666665,683.81365,0.0,0.0,0.0,0.0,1947.0369912941496,1947.0369912941496,683.81365,0.0,0.5246,0.5246,00:00,0.0,401.7756796008332,0.0,0.0
2025-08-18,7,01:20,1584.2622208333332,1584.2622208333332,1504.998085185185,0.0,821.772685185185,0.0,0.0,1947.0369912941496,2726.6390125234575,683.2253999999999,0.0,0.4997,0.4997,00:00,0.0,791.6558317504166,0.0,0.0
2025-08-18,8,01:30,713.9091666666666,713.9091666666666,713.9091666666666,40.96583333333342,0.0,0.0,0.0,2726.6390125234575,2726.6390125234575,754.875,0.0,0.5578,0.5578,00:00,0.0,398.2185331666666,0.0,114.2537091666669
2025-08-18,9,01:40,0.0,0.0,0.0,0.0,0.0,777.5449333333332,0.0,2726.6390125234575,1907.034688371087,777.5449333333332,0.0,0.6039,0.6039,00:00,0.0,0.0,0.0,0.0
2025-08-18,10,01:50,0.0,0.0,0.0,65.49884999999995,0.0,670.7520000000001,0.0,1907.034688371087,1200.0,736.25085,0.0,0.5819,0.5819,00:00,0.0,0.0,0.0,190.56890407499984
2025-08-18,11,02:00,728.9074999999999,728.9074999999999,697.0283333333333,0.0,0.0,0.0,0.0,1200.0,1200.0,697.0283333333333,0.0,0.522,0.522,00:00,0.0,380.489715,0.0,0.0
2025-08-18,12,02:10,1363.2917305555548,1363.2917305555548,1363.2917305555548,15.008549658335255,645.0410135472234,0.0,0.0,1200.0,1811.939636109826,733.2592666666666,0.0,0.5047,0.5047,00:00,-1.1368683772161603e-13,688.0533364113885,0.0,37.87407506280902
2025-08-18,13,02:20,714.4750791666665,714.4750791666665,714.4750791666665,28.13958750000006,0.0,0.0,0.0,1811.939636109826,1811.939636109826,742.6146666666666,0.0,0.5151,0.5151,00:00,0.0,368.02611327874996,0.0,72.47350760625015
2025-08-18,14,02:30,716.3999999999999,716.3999999999999,700.8900003416645,0.0,3.416645015526177e-07,0.0,0.0,1811.939636109826,1811.9396364339575,700.89,0.0,0.5275,0.5275,00:00,2.9781045321272687e-14,377.9009999999999,0.0,0.0
2025-08-18,15,02:40,709.7828083333334,709.7828083333334,686.6083333333332,0.0,0.0,0.0,0.0,1811.9396364339575,1811.9396364339575,686.6083333333332,0.0,0.5303,0.5303,00:00,0.0,376.39782325916667,0.0,0.0
2025-08-18,16,02:50,702.4994208333334,702.4994208333334,698.41225,0.0,0.0,0.0,0.0,1811.9396364339575,1811.9396364339575,698.41225,0.0,0.5153,0.5153,00:00,0.0,361.99795155541665,0.0,0.0
2025-08-18,17,03:00,1534.435,1534.435,1534.435,6.40333303720638,833.3333330372064,0.0,0.0,1811.9396364339575,2602.5090511951216,707.5049999999999,0.0,0.4957,0.4957,00:00,-1.1368683772161603e-13,760.6194294999999,0.0,15.870660932716012
2025-08-18,18,03:10,1537.27955,1537.27955,1527.52445,0.0,833.3333333333333,0.0,0.0,2602.5090511951216,3393.078466237216,694.1911166666666,0.0,0.499,0.499,00:00,0.0,767.10249545,0.0,0.0
2025-08-18,19,03:20,705.1165458333332,705.1165458333332,696.769016962794,0.0,2.9612736992822654e-07,0.0,0.0,3393.078466237216,3393.0784665181473,696.7690166666666,0.0,0.5266,0.5266,00:00,1.2242880917803583e-14,371.3143730358333,0.0,0.0
2025-08-18,20,03:30,703.8891666666667,703.8891666666667,702.1683333333333,0.0,0.0,0.0,0.0,3393.0784665181473,3393.0784665181473,702.1683333333333,0.0,0.5462,0.5462,00:00,0.0,384.46426283333335,0.0,0.0
2025-08-18,21,03:40,700.4659166666667,700.4659166666667,700.4659166666667,0.0,36.15528333333339,0.0,0.0,3393.0784665181473,3427.3783799527646,664.3109166666666,0.0002833333333333333,0.5225,0.5225,00:00,0.0,365.9934414583333,0.0,0.0
2025-08-18,22,03:50,676.1351833333333,676.1351833333333,663.6803833333333,0.0,0.0,0.0,0.0,3427.3783799527646,3427.3783799527646,663.6803833333333,0.0,0.5167,0.5167,00:00,0.0,349.35904922833333,0.0,0.0
2025-08-18,23,04:00,655.6270833333333,655.6270833333333,655.6270833333333,7.909828333333394,0.0,32.5397549999999,0.0,3427.3783799527646,3393.0784665181473,696.0766666666666,0.0,0.5221,0.5221,00:00,0.0,342.3029002083333,0.0,20.648606864166826
2025-08-18,24,04:10,1518.2315083333333,1518.2315083333333,1510.3583833333334,0.0,833.3333333333335,0.0,0.00405,3393.0784665181473,4183.647881560242,677.02505,0.00405,0.4771,0.4771,00:00,0.0,724.3482526258333,0.0,0.0
2025-08-18,25,04:20,1538.2062916666664,1538.2062916666664,1499.4138166666667,0.0,833.3333333333333,0.0,0.0,4183.647881560242,4974.217296602337,666.0804833333333,0.0,0.4624,0.4624,00:00,1.1368683772161603e-13,711.2665892666665,0.0,0.0
2025-08-18,26,04:30,1531.6,1531.6,1523.665,0.0,833.3333333333333,0.0,0.0,4974.217296602337,5764.786711644432,690.3316666666666,0.0,0.4922,0.4922,00:00,1.1368683772161603e-13,753.85352,0.0,0.0
2025-08-18,27,04:40,1533.3360333333333,1533.3360333333333,1533.3360333333333,8.154166381439268,833.3333330481059,0.0,0.0,5764.786711644432,6555.356126415936,708.2132833333333,0.05641666666666667,0.4931,0.4931,00:00,0.0,756.0879980366666,0.0,20.104097213438514
2025-08-18,28,04:50,1515.2160124999998,1515.2160124999998,1515.2160124999998,3.192737406357992,833.3333332396911,0.0,0.0,6555.356126415936,7345.925541369194,685.0754166666667,0.0,0.4563,0.4563,00:00,0.0,691.3930665037499,0.0,7.284230392605758
2025-08-18,29,05:00,1486.2179166666665,1486.2179166666665,1478.7866666666664,0.0,833.3333333333333,0.0,0.0,7345.925541369194,8136.494956411289,645.4533333333333,0.0,0.4376,0.4376,00:00,-1.1368683772161603e-13,650.3689603333332,0.0,0.0
2025-08-18,30,05:10,1471.865633333333,1471.865633333333,1471.865633333333,9.803433231082295,833.3333332310821,0.0,0.0,8136.494956411289,8927.06437135638,649.1214166666666,0.7856833333333333,0.4974,0.4974,00:00,1.1368683772161603e-13,732.1059660199999,0.0,24.38113844570167
2025-08-18,31,05:20,636.3611999999998,636.3611999999998,636.3611999999998,33.878866666666795,0.0,0.0,0.0,8927.06437135638,8927.06437135638,670.2400666666666,0.0,0.5282,0.5282,00:00,0.0,336.1259858399999,0.0,89.47408686666701
2025-08-18,32,05:30,1442.7976916666664,1442.7976916666664,1442.7976916666664,51.98022478448286,833.3333331178161,0.0,0.0,8927.06437135638,9717.633786194017,665.2383333333332,3.7937499999999997,0.4704,0.4704,00:00,1.1368683772161603e-13,678.6920341599998,0.0,122.25748869310367
2025-08-18,33,05:40,1392.4296208333333,1392.4296208333333,1392.4296208333333,38.7577623699666,833.3333332032998,0.0,0.0,9717.633786194017,10508.203201112752,634.5257166666667,36.67166666666667,0.4094,0.4094,00:00,-1.1368683772161603e-13,570.0606867691666,0.0,79.33713957132161
2025-08-18,34,05:50,0.0,0.0,0.0,31.83003824400396,0.0,616.5427784226628,0.0,10508.203201112752,9858.310049531376,726.7534666666667,78.38065,0.6258,0.6258,00:00,1.1368683772161603e-13,0.0,0.0,99.59618966548838
2025-08-18,35,06:00,0.0,0.0,0.0,0.0,0.0,767.6579166666666,0.0,9858.310049531376,9049.127556022577,888.7266666666666,121.06875,0.9878,0.9878,00:00,0.0,0.0,0.0,0.0
2025-08-18,36,06:10,0.0,0.0,0.0,0.0,0.0,729.9598666666667,0.0,9049.127556022577,8279.68229629608,901.9037166666667,171.94385,1.0467,1.0467,06:00,0.0,0.0,0.0,0.0
2025-08-18,37,06:20,0.0,0.0,0.0,0.0,0.0,620.6158666666665,0.0,8279.68229629608,7625.4957327274005,839.4933833333332,218.87751666666668,0.9251,0.9251,06:00,0.0,0.0,0.0,0.0
2025-08-18,38,06:30,0.0,0.0,0.0,0.0,0.0,535.8287499999999,0.0,7625.4957327274005,7060.682637460418,797.935,262.10625,0.8172,0.8172,06:00,0.0,0.0,0.0,0.0
2025-08-18,39,06:40,0.0,0.0,0.0,0.0,0.0,489.96238333333326,0.0,7060.682637460418,6544.216937747799,804.4894166666666,314.5270333333333,0.8032,0.8032,06:00,0.0,0.0,0.0,0.0
2025-08-18,40,06:50,0.0,0.0,0.0,0.0,0.0,449.70039999999995,0.0,6544.216937747799,6070.191094851538,820.0616666666666,370.36126666666667,0.8112,0.8112,06:00,0.0,0.0,0.0,0.0
2025-08-18,41,07:00,0.0,0.0,0.0,0.0,0.0,385.7883333333334,0.0,6070.191094851538,5663.53448550034,812.9883333333333,427.19999999999993,0.7824,0.7824,06:00,0.0,0.0,0.0,0.0
2025-08-18,42,07:10,0.0,0.0,0.0,0.0,0.0,303.8759833333333,0.0,5663.53448550034,5343.221074314774,791.2033833333332,487.32739999999995,0.7293,0.7293,06:00,0.0,0.0,0.0,0.0
2025-08-18,43,07:20,0.0,0.0,0.0,0.0,0.0,281.75631666666675,0.0,5343.221074314774,5046.223839045999,821.5144833333334,539.7581666666666,0.7423,0.7423,06:00,0.0,0.0,0.0,0.0
2025-08-18,44,07:30,0.0,0.0,0.0,0.0,0.0,264.66166666666675,0.0,5046.223839045999,4767.245947045022,854.7366666666667,590.0749999999999,0.7605,0.7605,06:00,0.0,0.0,0.0,0.0
2025-08-18,45,07:40,0.0,0.0,0.0,0.0,0.0,147.31815000000006,0.0,4767.245947045022,4611.958982150911,803.2850333333333,655.9668833333333,0.6747,0.6747,06:00,0.0,0.0,0.0,0.0
2025-08-18,46,07:50,0.0,0.0,0.0,0.0,0.0,205.27618333333328,0.0,4611.958982150911,4395.578885911034,928.8833666666666,723.6071833333333,0.8369,0.8369,06:00,0.0,0.0,0.0,0.0
2025-08-18,47,08:00,0.0,0.0,0.0,0.0,0.0,381.7225000000001,0.0,4395.578885911034,3993.2080411998263,1151.935,770.2124999999999,1.1622,1.1622,06:00,0.0,0.0,0.0,0.0
2025-08-18,48,08:10,0.0,0.0,0.0,0.0,0.0,332.8226166666667,0.0,3993.2080411998263,3642.3821993718984,1117.5265,784.7038833333332,1.1827,1.1827,06:00,0.0,0.0,0.0,0.0
2025-08-18,49,08:20,0.0,0.0,0.0,0.0,0.0,272.2073833333334,0.0,3642.3821993718984,3355.4504236226016,1076.78065,804.5732666666665,1.1057,1.1057,06:00,0.0,0.0,0.0,0.0
2025-08-18,50,08:30,0.0,0.0,0.0,0.0,0.0,299.58208333333334,0.0,3355.4504236226016,3039.6631804520343,1140.8133333333333,841.2312499999999,1.1043,1.1043,06:00,0.0,0.0,0.0,0.0
2025-08-18,51,08:40,0.0,0.0,0.0,0.0,0.0,283.8757333333333,0.0,3039.6631804520343,2740.4318838573954,1160.8301833333333,876.95445,1.1287,1.1287,06:00,0.0,0.0,0.0,0.0
2025-08-18,52,08:50,0.0,0.0,0.0,0.0,0.0,205.01250000000005,0.0,2740.4318838573954,2524.329734255639,1134.1210666666666,929.1085666666665,1.0827,1.0827,06:00,0.0,0.0,0.0,0.0
2025-08-18,53,09:00,0.0,0.0,0.0,0.0,0.0,120.49208333333343,0.0,2524.329734255639,2397.31992647159,1114.9733333333334,994.4812499999999,1.0059,1.0059,06:00,0.0,0.0,0.0,0.0
2025-08-18,54,09:10,0.0,0.0,0.0,0.0,0.0,89.41896666666685,0.0,2397.31992647159,2303.064059576476,1143.1628,1053.7438333333332,1.0202,1.0202,06:00,0.0,0.0,0.0,0.0
2025-08-18,55,09:20,0.0,0.0,0.0,0.0,0.0,0.0,2.0568500000001677,2303.064059576476,2303.064059576476,1136.7984,1138.85525,1.0009,1.0009,06:00,0.0,0.0,0.0,0.0
2025-08-18,56,09:30,0.0,0.0,0.0,0.0,0.0,0.0,116.0625,2303.064059576476,2303.064059576476,1103.125,1219.1875,0.9139,0.9139,06:00,0.0,0.0,0.0,0.0
2025-08-18,57,09:40,0.0,0.0,0.0,0.0,0.0,0.0,96.4695333333334,2303.064059576476,2303.064059576476,1127.6509999999998,1224.1205333333332,0.8732,0.8732,06:00,0.0,0.0,0.0,0.0
2025-08-18,58,09:50,0.0,0.0,0.0,0.0,0.0,0.0,88.78471666666678,2303.064059576476,2303.064059576476,1134.2829833333333,1223.0677,0.9635,0.9635,06:00,0.0,0.0,0.0,0.0
2025-08-18,59,10:00,0.0,0.0,0.0,0.0,0.0,0.0,151.03041666666672,2303.064059576476,2303.064059576476,1103.3133333333333,1254.34375,1.1029,1.1029,06:00,0.0,0.0,0.0,0.0
2025-08-18,60,10:10,0.0,0.0,0.0,0.0,0.0,0.0,197.21803333333332,2303.064059576476,2303.064059576476,1098.0932333333333,1295.3112666666666,1.1167,1.1167,06:00,0.0,0.0,0.0,0.0
2025-08-18,61,10:20,0.0,0.0,0.0,0.0,0.0,0.0,225.20681666666678,2303.064059576476,2303.064059576476,1121.3343666666665,1346.5411833333333,1.0887,1.0887,06:00,0.0,0.0,0.0,0.0
2025-08-18,62,10:30,0.0,0.0,0.0,0.0,206.64245509259257,0.0,42.770044907407566,2303.064059576476,2499.102305390972,1148.8999999999999,1398.3125,1.1057,1.1057,06:00,5.684341886080802e-14,0.0,0.0,0.0
2025-08-18,63,10:40,0.0,0.0,0.0,0.0,282.4548,0.0,0.0,2499.102305390972,2767.06245660517,1152.9105666666665,1435.3653666666664,1.1232,1.1232,06:00,0.0,0.0,0.0,0.0
2025-08-18,64,10:50,0.0,0.0,0.0,0.0,352.2940166666665,0.0,0.0,2767.06245660517,3101.277906219966,1133.5005333333334,1485.7945499999998,0.8465,0.8465,06:00,0.0,0.0,0.0,0.0
2025-08-18,65,11:00,0.0,0.0,0.0,0.0,437.2770833333334,0.0,0.0,3101.277906219966,3516.115371798542,1110.2916666666665,1547.56875,0.435,0.435,06:00,0.0,0.0,0.0,0.0
2025-08-18,66,11:10,401.7676583333332,446.4762666666668,15.722913888889252,0.0,499.9099972222225,0.0,0.0,3516.115371798542,3990.3716366917433,1106.96535,1591.1524333333332,0.3751,0.3751,06:00,0.0,167.4732476266667,8.385099492916709,0.0
2025-08-18,67,11:20,0.0,3.405671335108309,3.405671335108309,0.0,528.2956380017752,0.0,0.0,3990.3716366917433,4491.556884896968,1114.0830999999998,1638.9730666666667,0.4083,0.4083,06:00,0.0,1.3905356061247225,0.6952678030623611,0.0
2025-08-18,68,11:30,249.2260986499257,444.76953333333313,137.02189583333336,0.0,688.0256458333332,0.0,0.0,4491.556884896968,5144.275323729469,1116.315,1667.31875,0.387,0.387,06:00,1.1368683772161603e-13,172.12580939999992,37.837654611239344,0.0
2025-08-18,69,11:40,0.0,0.0,0.0,0.0,521.9774166666668,0.0,0.0,5144.275323729469,5639.466580880689,1105.1290999999999,1627.1065166666667,0.4137,0.4137,06:00,0.0,0.0,0.0,0.0
2025-08-18,70,11:50,0.0,383.36532916666647,212.9512750000007,0.0,725.7438916666673,0.0,0.0,5639.466580880689,6327.967689567038,1089.0916833333333,1601.8843,0.3915,0.3915,06:00,-1.1368683772161603e-13,150.08752636874993,75.04376318437497,0.0
2025-08-18,71,12:00,308.58186666666643,350.6279333333332,301.27041666666673,0.0,833.3333333333335,0.0,0.0,6327.967689567038,7118.537104609133,1081.0933333333332,1613.15625,0.3325,0.3325,06:00,0.0,116.58378783333329,6.990158583333354,0.0
2025-08-18,72,12:10,316.1534180555552,35.91608611111417,35.91608611111417,0.0,547.3799527777807,0.0,0.0,7118.537104609133,7637.827323497093,1084.8438333333334,1596.3076999999998,0.3663,0.3663,12:00,-1.1368683772161603e-13,13.156062342501121,51.32546734562438,0.0
2025-08-18,73,12:20,0.0,0.0,0.0,0.0,459.79461666666657,0.0,0.0,7637.827323497093,8074.0267968622975,1069.0471333333332,1528.8417499999998,0.4431,0.4431,12:00,0.0,0.0,0.0,0.0
2025-08-18,74,12:30,0.0,0.0,0.0,0.0,429.9694291666677,0.0,2.1505708333322104,8074.0267968622975,8481.931612985029,1039.78,1471.8999999999999,0.462,0.462,12:00,-5.684341886080802e-14,0.0,0.0,0.0
2025-08-18,75,12:40,0.0,0.0,0.0,0.0,465.97786666666684,0.0,0.0,8481.931612985029,8923.997032352905,1040.9404166666666,1506.9182833333334,0.3995,0.3995,12:00,0.0,0.0,0.0,0.0
2025-08-18,76,12:50,0.0,0.0,0.0,0.0,432.25755000000004,0.0,0.0,8923.997032352905,9334.07255049414,1082.1101999999998,1514.36775,0.5433,0.5433,12:00,0.0,0.0,0.0,0.0
2025-08-18,77,13:00,0.0,0.0,0.0,0.0,205.66861249999837,0.0,117.63680416666844,9334.07255049414,9529.186928106112,1138.7383333333332,1462.04375,0.8345,0.8345,12:00,-8.526512829121202e-14,0.0,0.0,0.0
2025-08-18,78,13:10,0.0,0.0,0.0,0.0,264.2784666666669,0.0,0.0,9529.186928106112,9779.903495467179,1166.1392999999998,1430.4177666666667,0.906,0.906,12:00,0.0,0.0,0.0,0.0
2025-08-18,79,13:20,0.0,0.0,0.0,0.0,233.7168208333321,0.0,23.099529166667963,9779.903495467179,10001.626739865225,1141.7636666666667,1398.5800166666668,0.8521,0.8521,12:00,2.842170943040401e-14,0.0,0.0,0.0
2025-08-18,80,13:30,0.0,0.0,0.0,0.0,199.5700666666665,0.0,44.31201666666692,10001.626739865225,10190.95552890272,1105.4366666666665,1349.31875,0.8213,0.8213,12:00,-5.684341886080802e-14,0.0,0.0,0.0
2025-08-18,81,13:40,0.0,0.0,0.0,0.0,173.95849999999996,0.0,0.0,10190.95552890272,10355.98705240664,1126.7852333333333,1300.7437333333332,0.8839,0.8839,12:00,0.0,0.0,0.0,0.0
2025-08-18,82,13:50,0.0,0.0,0.0,0.0,118.32960000000003,0.0,0.0,10355.98705240664,10468.244367591637,1169.2248666666665,1287.5544666666665,1.0548,1.0548,12:00,0.0,0.0,0.0,0.0
2025-08-18,83,14:00,0.0,0.0,0.0,0.0,104.54375000000005,0.0,0.0,10468.244367591637,10567.423277132206,1188.175,1292.71875,1.1999,1.1999,12:00,0.0,0.0,0.0,0.0
2025-08-18,84,14:10,0.0,0.0,0.0,0.0,88.24393333333342,0.0,0.0,10567.423277132206,10651.138822839823,1173.7302333333332,1261.9741666666666,1.1526,1.1526,12:00,0.0,0.0,0.0,0.0
2025-08-18,85,14:20,0.0,0.0,0.0,0.0,39.02633333333324,0.0,0.0,10651.138822839823,10688.162453457307,1175.0144,1214.0407333333333,1.1477,1.1477,12:00,0.0,0.0,0.0,0.0
2025-08-18,86,14:30,0.0,0.0,0.0,0.0,0.0,8.03125,0.0,10688.162453457307,10679.696772637899,1188.3999999999999,1180.3687499999999,1.2523,1.2523,12:00,0.0,0.0,0.0,0.0
2025-08-18,87,14:40,0.0,0.0,0.0,0.0,0.9070833333332757,0.0,0.0,10679.696772637899,10680.557307446172,1170.5755666666666,1171.48265,1.2673,1.2673,12:00,0.0,0.0,0.0,0.0
2025-08-18,88,14:50,0.0,0.0,0.0,0.0,0.0,42.51175000000012,0.0,10680.557307446172,10635.745988339617,1183.9827,1141.47095,1.0224,1.0224,12:00,0.0,0.0,0.0,0.0
2025-08-18,89,15:00,44.94578333333334,44.94578333333334,44.94578333333334,73.0346333333332,0.0,0.0,0.0,10635.745988339617,10635.745988339617,1211.2616666666665,1093.28125,0.6971,0.6971,12:00,0.0,31.331705561666674,0.0,254.5622144833329
2025-08-18,90,15:10,139.21794907407354,139.21794907407354,139.21794907407354,0.0,47.43664907407344,0.0,0.0,10635.745988339617,10680.748345031674,1167.8192833333333,1076.0379833333332,0.6629,0.6629,12:00,1.1368683772161603e-13,92.28757844120337,0.0,0.0
2025-08-18,91,15:20,173.9062569444443,173.9062569444443,54.15403333333347,0.0,0.0,0.0,0.0,10680.748345031674,10680.748345031674,1125.4056833333334,1071.25165,0.7126,0.7126,12:00,0.0,123.92559869861101,0.0,0.0
2025-08-18,92,15:30,247.0187166666666,247.0187166666666,109.4979166666667,0.0,0.0,0.0,0.0,10680.748345031674,10680.748345031674,1135.9916666666666,1026.4937499999999,0.7342,0.7342,12:00,0.0,181.3611417766666,0.0,0.0
2025-08-18,93,15:40,300.22019722222194,300.22019722222194,284.63811851851773,0.0,11.274135185184548,0.0,0.0,10680.748345031674,10691.443928781822,1184.7585,911.3945166666667,0.8166,0.8166,12:00,5.684341886080802e-14,245.15981305166645,0.0,0.0
2025-08-18,94,15:50,351.6306402777776,351.6306402777776,351.6306402777776,36.17687638888913,0.0,0.0,0.0,10691.443928781822,10691.443928781822,1230.2560166666667,842.4485,0.8791,0.8791,12:00,0.0,309.1184958681943,0.0,159.01546016736216
2025-08-18,95,16:00,415.2149833333333,400.2196462962974,400.2196462962974,13.569103703702524,0.0,0.0,0.0,10691.443928781822,10691.443928781822,1233.32,819.53125,0.8795,0.8795,12:00,0.0,351.9931789175936,6.594199462036556,59.67013353703185
2025-08-18,96,16:10,497.95676944444426,497.95676944444426,497.95676944444426,72.2562435185194,114.42814629629703,0.0,0.0,10691.443928781822,10800.0,1191.0682833333333,735.2834166666667,0.8652,0.8652,12:00,-5.684341886080802e-14,430.8321969233332,0.0,312.5805094611149
2025-08-18,97,16:20,573.7585513888887,517.6950847222221,517.6950847222221,25.03614861111123,0.0,0.0,0.0,10800.0,10800.0,1205.8365666666666,663.1053333333333,0.9041,0.9041,12:00,0.0,468.048126097361,25.34349010666665,113.17590979652832
2025-08-18,98,16:30,642.9781416666665,582.2229249999999,582.2229249999999,45.74040833333345,0.0,0.0,0.0,10800.0,10800.0,1252.0633333333333,624.0999999999999,0.9673,0.9673,12:00,0.0,563.1842353525,29.38426054083334,221.22348490416724
2025-08-18,99,16:40,718.2993777777776,652.8524111111111,651.5031833333334,0.0,0.0,0.0,0.0,10800.0,10800.0,1210.5092,559.0060166666666,0.966,0.966,12:00,0.0,630.6554291333333,31.610884899999974,0.0
2025-08-18,100,16:50,790.6231138888888,720.4843972222222,713.23065,0.0,0.0,0.0,0.0,10800.0,10800.0,1196.37385,483.1432,0.971,0.971,12:00,0.0,699.5903497027778,34.052346941666656,0.0
2025-08-18,101,17:00,872.3121333333335,797.4816666666668,797.4816666666668,5.1837499999998045,0.0,0.0,0.0,10800.0,10800.0,1219.2716666666665,416.60624999999993,1.0012,1.0012,12:00,0.0,798.4386446666668,37.460131613333374,25.94985249999902
2025-08-18,102,17:10,950.1386986111111,883.8447680555555,818.8512833333334,0.0,0.0,0.0,0.0,10800.0,10800.0,1180.43955,361.58826666666664,1.0147,1.0147,12:00,0.0,896.8372861459721,33.63422566736108,0.0
2025-08-18,103,17:20,987.6159805555554,929.858586111111,894.6257499999999,0.0,0.0,0.0,0.0,10800.0,10800.0,1203.5310833333333,308.9053333333333,1.0921,1.0921,12:00,0.0,1015.4985618919444,31.53842523638889,0.0
2025-08-18,104,17:30,1016.8197750000002,967.5989166666668,967.5989166666668,72.9889999999998,0.0,0.0,0.0,10800.0,10800.0,1296.1066666666666,255.51874999999998,1.1808,1.1808,12:00,0.0,1142.5408008000002,29.05999476000011,430.92705599999886
2025-08-18,105,17:40,1111.4185694444443,1070.7342472222222,1070.7342472222222,27.40320277777755,0.0,0.0,0.0,10800.0,10800.0,1304.0850999999998,205.94764999999998,1.1528,1.1528,12:00,0.0,1234.3424401977777,23.450443328888923,157.95206081110982
2025-08-18,106,17:50,1045.9165263888888,1013.7687402777776,970.6888,0.0,0.0,0.0,0.0,10800.0,10800.0,1130.3765333333333,159.6877333333333,1.2216,1.2216,12:00,0.0,1238.4198931233332,19.635867756666585,0.0
2025-08-18,107,18:00,869.2461666666667,845.6349166666666,793.7216666666667,0.0,0.0,0.0,0.0,10800.0,10800.0,909.6466666666666,115.92499999999998,1.387,1.387,12:00,0.0,1172.8956294166667,16.374401875000103,0.0
2025-08-18,108,18:10,847.4531819444445,826.9831125000001,815.7597166666666,0.0,0.0,0.0,0.0,10800.0,10800.0,890.1734833333333,74.41376666666666,1.4195,1.4195,18:00,0.0,1173.9025281937502,14.528631788194389,0.0
2025-08-18,109,18:20,882.2791763888888,865.9031208333332,865.9031208333332,19.962379166666665,0.0,0.0,0.0,10800.0,10800.0,919.4071333333333,33.54163333333333,1.3749,1.3749,18:00,0.0,1190.5302008337499,11.257719391666797,137.23137558125
2025-08-18,110,18:30,883.6841249999999,871.4020833333333,871.4020833333333,29.4837500000001,0.0,0.0,0.0,10800.0,10800.0,904.3483333333334,3.4624999999999995,1.3377,1.3377,18:00,0.0,1165.6745668749998,8.214843568749984,197.20206187500065
2025-08-18,111,18:40,895.957698611111,887.7696708333333,887.7696708333333,13.375329166666688,0.0,0.0,0.0,10800.0,10800.0,901.145,0.0,1.3521,1.3521,18:00,0.0,1200.35337193375,5.535516179166734,90.42391283125015
2025-08-18,112,18:50,924.5453430555555,920.4513291666666,913.7695999999999,0.0,0.0,0.0,0.0,10800.0,10800.0,914.4703166666666,0.7007166666666667,1.4774,1.4774,18:00,0.0,1359.8747937108333,3.02424805972214,0.0
2025-08-18,113,19:00,118.96500000000003,118.96500000000003,118.96500000000003,0.0,0.0,825.4833333333332,0.0,10800.0,9929.864165386225,944.4483333333333,0.0,1.6346,1.6346,18:00,0.0,194.46018900000007,0.0,0.0
2025-08-18,114,19:10,112.33541666666667,112.33541666666667,112.33541666666667,40.24375000000009,0.0,833.3333333333333,0.0,9929.864165386225,9051.453704228343,985.9125,0.0,1.6665,1.6665,18:00,0.0,187.20697187500002,0.0,335.33104687500077
2025-08-18,115,19:20,107.65290833333347,107.65290833333347,107.65290833333347,34.658141666666666,0.0,833.3333333333333,0.0,9051.453704228343,8173.0432430704595,975.6947,0.05031666666666666,1.6693,1.6693,18:00,0.0,179.70499988083355,0.0,289.2741794208333
2025-08-18,116,19:30,111.14041666666662,111.14041666666662,111.14041666666662,0.0,0.0,805.9812499999999,0.0,8173.0432430704595,7323.464409273931,917.1216666666666,0.0,1.6759,1.6759,18:00,0.0,186.2602242916666,0.0,0.0
2025-08-18,117,19:40,110.0812666666668,110.0812666666668,110.0812666666668,0.0,0.0,778.1967666666665,0.0,7323.464409273931,6503.172992458843,888.2780333333333,0.0,1.6308,1.6308,18:00,0.0,179.52052968000024,0.0,0.0
2025-08-18,118,19:50,114.62092083333346,114.62092083333346,114.62092083333346,0.0,0.0,822.1452625,0.0,6503.172992458843,5636.55579345317,936.7698,0.0036166666666666665,1.6327,1.6327,18:00,0.0,187.14157744458353,0.0,0.0
2025-08-18,119,20:00,122.24208333333331,122.24208333333331,122.24208333333331,30.419583333333435,0.0,833.3333333333333,0.0,5636.55579345317,4758.145332295287,985.995,0.0,1.6726,1.6726,18:00,0.0,204.4621085833333,0.0,254.3989754166675
2025-08-18,120,20:10,118.53324583333347,118.53324583333347,118.53324583333347,0.0,0.0,802.5645374999998,0.0,4758.145332295287,3912.168029702081,921.0977833333333,0.0,1.6422,1.6422,18:00,0.0,194.65529630750024,0.0,0.0
2025-08-18,121,20:20,174.95949704839973,174.95949704839973,174.95949704839973,0.0,0.0,750.9507196182669,0.0,3912.168029702081,3120.59646819001,925.9104833333333,0.0002666666666666667,1.6227,1.6227,18:00,0.0,283.90677586043824,0.0,0.0
2025-08-18,122,20:30,122.15291666666667,122.15291666666667,122.15291666666667,52.558750000000146,0.0,833.3333333333333,0.0,3120.59646819001,2242.186007032127,1008.0450000000001,0.0,1.6855,1.6855,18:00,0.0,205.88874104166666,0.0,442.93886562500126
2025-08-18,123,20:40,132.63188333333335,132.63188333333335,132.63188333333335,23.09145000000001,0.0,833.3333333333333,0.0,2242.186007032127,1363.7755458742436,989.0566666666666,0.0,1.7616,1.7616,18:00,0.0,233.64432568000004,0.0,203.38949160000007
2025-08-18,124,20:50,962.4433374999999,962.4433374999999,962.4433373005207,0.0,11.653070633854087,0.0,0.0,1363.7755458742436,1374.8306193555838,950.7902666666666,0.0,1.483,1.483,18:00,1.2434497875801753e-14,1427.3034695125,0.0,0.0
2025-08-18,125,21:00,956.6020833333332,956.6020833333332,956.6020831338673,0.0,7.845416467200654,0.0,0.0,1374.8306193555838,1382.2734349242676,948.7566666666667,0.0,1.0296,1.0296,18:00,-4.707345624410664e-14,984.9175049999999,0.0,0.0
2025-08-18,126,21:10,1809.6894791666664,1809.6894791666664,1782.1416831338593,0.0,833.3333331338592,0.0,0.0,1382.2734349242676,2172.8428497771247,948.8083499999999,0.0,0.9792,0.9792,18:00,1.1368683772161603e-13,1772.0479379999997,0.0,0.0
2025-08-18,127,21:20,985.9558749999999,985.9558749999999,985.9558748005161,0.0,49.505108133849454,0.0,0.0,2172.8428497771247,2219.8075190318923,936.4507666666666,0.0,1.0281,1.0281,18:00,3.552713678800501e-14,1013.6612350874999,0.0,0.0
2025-08-18,128,21:30,982.5949999999999,982.5949999999999,982.5949998005127,0.0,43.578333133846066,0.0,0.0,2219.8075190318923,2261.1495558328534,939.0166666666667,0.0,1.0363,1.0363,18:00,-7.105427357601002e-15,1018.2631984999999,0.0,0.0
2025-08-18,129,21:40,233.12945000000013,233.12945000000013,233.12945000000013,0.0,0.0,744.7220333333332,0.0,2261.1495558328534,1476.1436061511297,977.8514833333334,0.0,1.1223,1.1223,18:00,0.0,261.64118173500015,0.0,0.0
2025-08-18,130,21:50,893.8191125000001,893.8191125000001,893.8191125000001,0.0,0.0,21.679687499999886,0.0,1476.1436061511297,1453.2912089975694,915.4988,0.0,0.905,0.905,18:00,0.0,808.9062968125,0.0,0.0
2025-08-18,131,22:00,799.9414555345478,799.9414555345478,799.9414553350734,0.0,28.42312200174028,0.0,0.0,1453.2912089975694,1480.2557501190724,771.5183333333332,0.0,0.5179,0.5179,18:00,-3.907985046680551e-14,414.2896798213423,0.0,0.0
2025-08-18,132,22:10,1593.8750916666665,1593.8750916666665,1548.6316331338592,0.0,833.3333331338592,0.0,0.0,1480.2557501190724,2270.8251649719296,715.2982999999999,0.0,0.5153,0.5153,18:00,0.0,821.3238347358332,0.0,0.0
2025-08-18,133,22:20,3.1685573617323826e-05,3.1685573617323826e-05,3.1685573617323826e-05,0.0,0.0,727.5168683144262,0.0,2270.8251649719296,1503.9550516164727,727.5168999999999,0.0,0.5786,0.5786,18:00,0.0,1.8333272894983567e-05,0.0,0.0
2025-08-18,134,22:30,776.4716666666666,776.4716666666666,776.471666467185,0.0,27.433333133851715,0.0,0.0,1503.9550516164727,1529.9805965704136,749.0383333333332,0.0,0.5351,0.5351,18:00,4.618527782440651e-14,415.4899888333333,0.0,0.0
2025-08-18,135,22:40,789.7952083333332,789.7952083333332,789.7952081338486,0.0,43.037924800515235,0.0,0.0,1529.9805965704136,1570.8099570114164,746.7572833333334,0.0,0.5359,0.5359,18:00,3.552713678800501e-14,423.2512521458333,0.0,0.0
2025-08-18,136,22:50,770.7519791666666,770.7519791666666,770.7519789671765,0.0,19.030145633843187,0.0,0.0,1570.8099570114164,1588.8635383337123,751.7218333333333,0.0,0.5439,0.5439,18:00,-1.0658141036401503e-14,419.21200146875003,0.0,0.0
2025-08-18,137,23:00,736.3725,736.3725,736.3725,0.0,0.0,32.45749999999998,0.0,1588.8635383337123,1554.650329282074,768.8299999999999,0.0,0.5301,0.5301,18:00,0.0,390.35106225,0.0,0.0
2025-08-18,138,23:10,760.0243458333332,760.0243458333332,760.0243458333332,0.0,0.0,4.812804166666751,0.0,1554.650329282074,1549.5771882490687,764.83715,0.0,0.5152,0.5152,18:00,0.0,391.56454297333323,0.0,0.0
2025-08-18,139,23:20,1615.5043166666665,1615.5043162816899,1557.9432498005044,0.0,833.3333331338378,0.0,0.0,1549.5771882490687,2340.1466031019054,724.6099166666665,0.0,0.4828,0.4828,18:00,1.1368683772161603e-13,779.9654839007999,9.293330549553502e-08,0.0
2025-08-18,140,23:30,1608.6829166666666,1608.6829166666666,1524.73333313383,0.0,833.3333331338303,0.0,0.0,2340.1466031019054,3130.716017954735,691.3999999999999,0.0,0.4696,0.4696,18:00,-1.1368683772161603e-13,755.4374976666667,0.0,0.0
2025-08-18,141,23:40,771.8200291666667,771.8200291666667,771.8200289671577,0.0,44.91827896715773,0.0,0.0,3130.716017954735,3173.329238988051,726.90175,0.0,0.5321,0.5321,18:00,-5.684341886080802e-14,410.6854375195834,0.0,0.0
2025-08-18,142,23:50,0.0,0.0,0.0,4.474293291423237e-08,0.0,756.7137332885903,0.0,3173.329238988051,2375.6829276810104,756.7137333333333,0.0,0.5584,0.5584,18:00,0.0,0.0,0.0,1.2492226869653677e-07
2025-08-18,143,0:00+1,778.4441666666667,778.4441666666667,778.4441664671612,0.0,22.155833133828008,0.0,0.0,2375.6829276810104,2396.701796529467,756.2883333333332,0.0,0.5318,0.5318,18:00,-3.907985046680551e-14,413.9766078333334,0.0,0.0
